[
	[
		67,
		65,
		64,
		62,
		60,
		55,
		64
	],
	[
		67,
		65,
		64,
		62,
		60,
		55,
		64
	],
	[
		67,
		65,
		64,
		62,
		60,
		55,
		60
	],
	[
		67,
		65,
		64,
		62,
		60,
		55,
		60
	],
	[
		67,
		65,
		64,
		62,
		60,
		55,
		60
	],
	[
		67,
		65,
		64,
		62,
		60,
		55,
		60
	],
	[
		67,
		65,
		64,
		62,
		60,
		55,
		67
	],
	[
		67,
		65,
		64,
		62,
		60,
		55,
		67
	],
	[
		67,
		65,
		64,
		62,
		60,
		55,
		67
	],
	[
		67,
		65,
		64,
		62,
		60,
		55,
		67
	],
	[
		67,
		65,
		64,
		62,
		60,
		55,
		65
	],
	[
		67,
		65,
		64,
		62,
		60,
		55,
		65
	],
	[
		67,
		65,
		64,
		62,
		60,
		55,
		65
	],
	[
		67,
		65,
		64,
		62,
		60,
		55,
		65
	],
	[
		67,
		65,
		64,
		62,
		60,
		55,
		64
	],
	[
		67,
		65,
		64,
		62,
		60,
		55,
		64
	],
	[
		67,
		65,
		64,
		62,
		60,
		55,
		64
	],
	[
		67,
		65,
		64,
		62,
		60,
		55,
		64
	],
	[
		67,
		65,
		64,
		62,
		60,
		55,
		65
	],
	[
		67,
		65,
		64,
		62,
		60,
		55,
		65
	],
	[
		67,
		65,
		64,
		62,
		60,
		55,
		64
	],
	[
		67,
		65,
		64,
		62,
		60,
		55,
		64
	],
	[
		67,
		65,
		64,
		62,
		60,
		55,
		64
	],
	[
		67,
		65,
		64,
		62,
		60,
		55,
		64
	],
	[
		67,
		65,
		64,
		62,
		60,
		55,
		60
	],
	[
		67,
		65,
		64,
		62,
		60,
		55,
		60
	],
	[
		67,
		65,
		64,
		62,
		60,
		55,
		60
	],
	[
		67,
		65,
		64,
		62,
		60,
		55,
		60
	],
	[
		67,
		65,
		64,
		62,
		60,
		55,
		67
	],
	[
		67,
		65,
		64,
		62,
		60,
		55,
		67
	],
	[
		67,
		65,
		64,
		62,
		60,
		55,
		67
	],
	[
		67,
		65,
		64,
		62,
		60,
		55,
		67
	],
	[
		67,
		65,
		64,
		62,
		60,
		55,
		65
	],
	[
		67,
		65,
		64,
		62,
		60,
		55,
		65
	],
	[
		67,
		65,
		64,
		62,
		60,
		55,
		64
	],
	[
		67,
		65,
		64,
		62,
		60,
		55,
		64
	],
	[
		67,
		65,
		64,
		62,
		60,
		55,
		64
	],
	[
		67,
		65,
		64,
		62,
		60,
		55,
		64
	],
	[
		67,
		65,
		64,
		62,
		60,
		55,
		65
	],
	[
		67,
		65,
		64,
		62,
		60,
		55,
		65
	],
	[
		67,
		65,
		64,
		62,
		60,
		55,
		65
	],
	[
		67,
		65,
		64,
		62,
		60,
		55,
		65
	],
	[
		67,
		65,
		64,
		62,
		60,
		55,
		64
	],
	[
		67,
		65,
		64,
		62,
		60,
		55,
		64
	],
	[
		67,
		65,
		64,
		62,
		60,
		55,
		64
	],
	[
		67,
		65,
		64,
		62,
		60,
		55,
		64
	],
	[
		67,
		65,
		64,
		62,
		60,
		55,
		60
	],
	[
		67,
		65,
		64,
		62,
		60,
		55,
		60
	],
	[
		67,
		65,
		64,
		62,
		60,
		55,
		60
	],
	[
		67,
		65,
		64,
		62,
		60,
		55,
		67
	],
	[
		67,
		65,
		64,
		62,
		60,
		55,
		67
	],
	[
		67,
		65,
		64,
		62,
		60,
		55,
		67
	],
	[
		67,
		65,
		64,
		62,
		60,
		55,
		67
	],
	[
		67,
		65,
		64,
		62,
		60,
		55,
		65
	],
	[
		67,
		65,
		64,
		62,
		60,
		55,
		65
	],
	[
		67,
		65,
		64,
		62,
		60,
		55,
		65
	],
	[
		67,
		65,
		64,
		62,
		60,
		55,
		65
	],
	[
		67,
		65,
		64,
		62,
		60,
		55,
		64
	],
	[
		67,
		65,
		64,
		62,
		60,
		55,
		64
	],
	[
		67,
		65,
		64,
		62,
		60,
		55,
		64
	],
	[
		67,
		65,
		64,
		62,
		60,
		55,
		64
	],
	[
		67,
		65,
		64,
		62,
		60,
		55,
		65
	],
	[
		67,
		65,
		64,
		62,
		60,
		55,
		65
	],
	[
		67,
		65,
		64,
		62,
		60,
		55,
		65
	]
]
